,1,2,3,4,7,8,11,12,13,22,23,24
1,0.9999999999999999,0.7499999999999999,0.7499999999999999,0.6249999999999999,0.8249579113843054,0.5892556509887895,0.35355339059327373,0.2357022603955158,0.2357022603955158,0.6708203932499369,0.6708203932499369,0.5590169943749475
2,0.7499999999999999,0.9999999999999999,0.8749999999999999,0.7499999999999999,0.5892556509887895,0.8249579113843054,0.35355339059327373,0.2357022603955158,0.35355339059327373,0.5590169943749475,0.6708203932499369,0.6708203932499369
3,0.7499999999999999,0.8749999999999999,0.9999999999999999,0.7499999999999999,0.5892556509887895,0.7071067811865475,0.4714045207910316,0.2357022603955158,0.4714045207910316,0.5590169943749475,0.5590169943749475,0.7826237921249264
4,0.6249999999999999,0.7499999999999999,0.7499999999999999,0.9999999999999999,0.4714045207910316,0.5892556509887895,0.4714045207910316,0.2357022603955158,0.4714045207910316,0.5590169943749475,0.4472135954999579,0.5590169943749475
7,0.8249579113843054,0.5892556509887895,0.5892556509887895,0.4714045207910316,1.0000000000000002,0.7777777777777779,0.3333333333333333,0.2222222222222222,0.2222222222222222,0.6324555320336759,0.6324555320336759,0.5270462766947299
8,0.5892556509887895,0.8249579113843054,0.7071067811865475,0.5892556509887895,0.7777777777777779,1.0000000000000002,0.3333333333333333,0.2222222222222222,0.3333333333333333,0.5270462766947299,0.6324555320336759,0.6324555320336759
11,0.35355339059327373,0.35355339059327373,0.4714045207910316,0.4714045207910316,0.3333333333333333,0.3333333333333333,1.0000000000000002,0.5555555555555556,0.6666666666666667,0.4216370213557839,0.4216370213557839,0.5270462766947299
12,0.2357022603955158,0.2357022603955158,0.2357022603955158,0.2357022603955158,0.2222222222222222,0.2222222222222222,0.5555555555555556,1.0000000000000002,0.6666666666666667,0.4216370213557839,0.4216370213557839,0.4216370213557839
13,0.2357022603955158,0.35355339059327373,0.4714045207910316,0.4714045207910316,0.2222222222222222,0.3333333333333333,0.6666666666666667,0.6666666666666667,1.0000000000000002,0.4216370213557839,0.4216370213557839,0.6324555320336759
22,0.6708203932499369,0.5590169943749475,0.5590169943749475,0.5590169943749475,0.6324555320336759,0.5270462766947299,0.4216370213557839,0.4216370213557839,0.4216370213557839,0.9999999999999999,0.8999999999999999,0.7999999999999999
23,0.6708203932499369,0.6708203932499369,0.5590169943749475,0.4472135954999579,0.6324555320336759,0.6324555320336759,0.4216370213557839,0.4216370213557839,0.4216370213557839,0.8999999999999999,0.9999999999999999,0.7999999999999999
24,0.5590169943749475,0.6708203932499369,0.7826237921249264,0.5590169943749475,0.5270462766947299,0.6324555320336759,0.5270462766947299,0.4216370213557839,0.6324555320336759,0.7999999999999999,0.7999999999999999,0.9999999999999999
